1.09926
1.10039
1.09976
1.09820
1.09984
1.09831
1.09443
1.09047
1.09358
1.09161
1.09075
1.09185
1.09070
1.09129
1.09090
1.09076
1.09038
1.08965
1.08933
1.08885
1.08928
1.08923
1.08928
1.08974
1.08980
1.09026
1.09291
1.09341
1.09281
1.09314
1.08387
1.08633
1.08572
1.08241
1.08235
1.08109
1.08037
1.07924
1.07867
1.07884
1.07877
1.07842
1.07898
1.07890
1.07954
1.07958
1.07864
1.07792
1.07843
1.07655
1.07649
1.07653
1.07723
1.07572
1.07437
1.07296
1.07202
1.07122
1.07254
1.07237
1.07287
1.07251
1.07266
1.07280
1.07353
1.07403
1.07401
1.07372
1.07320
1.07392
1.07384
1.07231
1.07180
1.07099
1.07126
1.07040
1.07043
1.06943
1.06812
1.06917
1.07038
1.07595
1.07012
1.07184
1.07241
1.07249
1.07287
1.07295
1.07313
1.07254
1.07319
1.07314
1.07326
1.07327
1.07263
1.07580
1.07511
1.07544
1.07456
1.07339
1.07328
1.07306
1.07239
1.07242
1.07326
1.07274
1.07330
1.07222
1.07128
1.07118
1.07115
1.07146
1.07151
1.07239
1.07292
1.07286
1.07311
1.07344
1.07390
1.07320
1.07518
1.07626
1.07765
1.07622
1.07685
1.07887
1.07790
1.07618
1.07598
1.07476
1.07403
1.07362
1.07326
1.07371
1.07391
1.07385
1.07338
1.07327
1.07241
1.07198
1.07176
1.07249
1.07222
1.07400
1.07412
1.07057
1.07079
1.06975
1.06824
1.06949
1.06965
1.06759
1.06678
1.06674
1.06703
1.06723
1.06780
1.06786
1.06762
1.06716
1.06660
1.06666
1.06599
1.06663
1.06686
1.06733
1.06821
1.06735
1.06762
1.06794
1.06747
1.06898
1.06798
1.07041
1.07189
1.07159
1.07173
1.07269
1.07164
1.07218
1.07209
1.07236
1.07300
1.07325
1.07279
1.07310
1.07336
1.07372
1.07374
1.07382
1.07310
1.07477
1.07602
1.07547
1.07542
1.07571
1.07594
1.07513
1.07147
1.07205
1.07268
1.07307
1.07385
1.07370
1.07366
1.07340
1.07343
1.07371
1.07388
1.07237
1.07171
1.07173
1.07142
1.07065
1.07071
1.07232
1.07248
1.07147
1.07100
1.06967
1.06821
1.06683
1.06750
1.06813
1.06661
1.06747
1.06800
1.06893
1.06886
1.06879
1.06908
1.06881
1.07039
1.07114
1.07085
1.07061
1.07045
1.06987
1.07083
1.07060
1.06995
1.07050
1.07042
1.06928
1.06784
1.06618
1.06722
1.06823
1.06918
1.06909
1.06894
1.06726
1.06729
1.06695
1.06645
1.06593
1.06526
1.06503
1.06518
1.06375
1.06374
1.06340
1.06432
1.06429
1.06360
1.06403
1.06246
1.06191
1.06402
1.06396
1.06612
1.06762
1.06774
1.06846
1.06953
1.06937
1.06889
1.06832
1.06782
1.06752
1.06828
1.06808
1.06858
1.06897
1.06900
1.07007
1.06916
1.06784
1.06873
1.06844
1.06701
1.06796
1.06877
1.06853
1.06874
1.06847
1.06826
1.06863
1.06836
1.06871
1.06848
1.06814
1.06761
1.06728
1.06626
1.06657
1.06677
1.06727
1.06706
1.06686
1.06597
1.06622
1.06479
1.06563
1.06589
1.06521
1.06477
1.06845
1.06557
1.06598
1.06419
1.06477
1.06448
1.06470
1.06483
1.06503
1.06570
1.06568
1.06553
1.06587
1.06576
1.06567
1.06556
1.06527
1.06443
1.06364
1.06241
1.06290
1.06468
1.06452
1.06488
1.06260
1.06219
1.06271
1.06223
1.06000
1.06019
1.06033
1.06047
1.06046
1.06110
1.06188
1.06219
1.06215
1.06233
1.06214
1.06214
1.06153
1.06048
1.05900
1.05971
1.06031
1.06130
1.06066
1.06059
1.05958
1.05814
1.05846
1.05874
1.05942
1.06022
1.05970
1.05950
1.05965
1.06045
1.06003
1.05962
1.05991
1.05991
1.05965
1.05975
1.05885
1.05876
1.05848
1.05856
1.05784
1.05654
1.05528
1.05469
1.05412
1.05428
1.05461
1.05442
1.05498
1.05461
1.05453
1.05524
1.05536
1.05584
1.05521
1.05432
1.05480
1.05385
1.05370
1.05469
1.05516
1.05502
1.05666
1.05612
1.05576
1.05819
1.05889
1.06000
1.05943
1.06003
1.06058
1.06066
1.06074
1.06086
1.06058
1.06086
1.06087
1.05855
1.05943
1.05916
1.05893
1.05837
1.05864
1.05924
1.06150
1.06050
1.06153
1.06082
1.06166
1.06302
1.06333
1.06043
1.05997
1.06046
1.05903
1.05828
1.05756
1.05753
1.05785
1.05759
1.05674
1.05835
1.05825
1.05925
1.05883
1.05898
1.06061
1.06405
1.06474
1.06414
1.06670
1.06687
1.06858
1.06703
1.06657
1.06713
1.06724
1.06642
1.06511
1.06563
1.06640
1.06669
1.06684
1.06678
1.06595
1.06504
1.06548
1.06448
1.06472
1.06401
1.06383
1.06356
1.06376
1.06235
1.06130
1.06239
1.06049
1.05850
1.05983
1.06076
1.05930
1.05788
1.05921
1.05894
1.05993
1.05962
1.05976
1.05974
1.06098
1.06074
1.06018
1.06055
1.06075
1.06081
1.06201
1.06089
1.06202
1.06090
1.06161
1.06136
1.06116
1.06215
1.06114
1.05967
1.06151
1.06237
1.06234
1.06337
1.06342
1.06266
1.06247
1.06259
1.06353
1.06443
1.06449
1.06419
1.06475
1.06425
1.06473
1.06410
1.06283
1.06273
1.06387
1.06408
1.06538
1.06677
1.06777
1.06927
1.06843
1.06727
1.06747
1.06764
1.06800
1.06816
1.06846
1.06781
1.06855
1.06869
1.06901
1.06896
1.06842
1.06753
1.06849
1.06728
1.06558
1.06598
1.06557
1.06686
1.06555
1.06471
1.05840
1.05717
1.05664
1.05549
1.05507
1.05499
1.05483
1.05511
1.05474
1.05493
1.05437
1.05315
1.05281
1.05341
1.05301
1.05389
1.05426
1.05359
1.05346
1.05384
1.05369
1.05457
1.05387
1.05538
1.05502
1.05452
1.05424
1.05397
1.05436
1.05450
1.05428
1.05415
1.05466
1.05443
1.05381
1.05429
1.05468
1.05493
1.05499
1.05488
1.05538
1.05549
1.05560
1.05653
1.05700
1.05584
1.05733
1.05742
1.05675
1.05747
1.05764
1.05887
1.05749
1.05783
1.05799
1.05819
1.05846
1.05979
1.05937
1.05885
1.05959
1.05937
1.05857
1.05827
1.05938
1.05907
1.05806
1.05868
1.05886
1.05934
1.06207
1.06656
1.06863
1.06579
1.06676
1.06421
1.06425
1.06362
1.06909
1.06803
1.06807
1.06677
1.07293
1.07162
1.07169
1.07191
1.07206
1.07244
1.07065
1.06693
1.06731
1.06631
1.06954
1.06982
1.07215
1.07323
1.07387
1.07373
1.07330
1.07287
1.07303
1.07281
1.07263
1.07220
1.07180
1.07074
1.06998
1.07018
1.07018
1.07066
1.06964
1.06889
1.07057
1.07103
1.07192
1.07209
1.07345
1.07073
1.07168
1.07202
1.07164
1.07321
1.07407
1.07407
1.07321
1.07315
1.07313
1.07260
1.07329
1.07373
1.07552
1.07502
1.07439
1.07373
1.07333
1.07364
1.07306
1.06770
1.06263
1.05865
1.05559
1.05444
1.05462
1.05329
1.05413
1.05558
1.05848
1.05789
1.05761
1.05752
1.05776
1.05809
1.05888
1.05929
1.05915
1.05977
1.06016
1.06061
1.06046
1.06240
1.06115
1.06167
1.06152
1.06120
1.05870
1.06057
1.05992
1.06203
1.06177
1.05912
1.06114
1.06138
1.06087
1.06109
1.06113
1.06126
1.06172
1.06252
1.06327
1.06392
1.06482
1.06476
1.06616
1.06614
1.06514
1.06460
1.06320
1.06287
1.06252
1.06251
1.06325
1.06454
1.06666
1.06719
1.06797
1.06602
1.06658
1.06691
1.06796
1.06800
1.06741
1.06786
1.06682
1.06688
1.06784
1.06600
1.06545
1.06603
1.06737
1.06950
1.07060
1.07042
1.07227
1.07258
1.07203
1.07242
1.07151
1.07232
1.07222
1.07210
1.07175
1.07217
1.07176
1.07167
1.07159
1.07212
1.07149
1.07113
1.07148
1.07065
1.07182
1.07288
1.07454
1.07623
1.07778
1.07803
1.07760
1.07732
1.07676
1.07666
1.07632
1.07642
1.07685
1.07664
1.07677
1.07690
1.07718
1.07670
1.07717
1.07682
1.07689
1.07677
1.07720
1.07658
1.07648
1.07791
1.07857
1.07913
1.07963
1.07809
1.07806
1.07943
1.07903
1.07979
1.07926
1.08798
1.08644
1.08548
1.08582
1.08569
1.08679
1.08826
1.08854
1.08949
1.08998
1.09027
1.09037
1.09140
1.09052
1.08988
1.08847
1.08762
1.08748
1.08723
1.08859
1.08903
1.08889
1.08946
1.08678
1.08409
1.08388
1.08300
1.08327
1.08319
1.08338
1.08317
1.08243
1.08195
1.08278
1.08332
1.08326
1.08238
1.08273
1.07789
1.07247
1.07266
1.07371
1.07482
1.07560
1.07490
1.07603
1.07563
1.07607
1.07597
1.07581
1.07598
1.07655
1.07764
1.07766
1.07602
1.07605
1.07689
1.07706
1.07666
1.07643
1.07623
1.07508
1.07657
1.07652
1.07670
1.07708
1.07720
1.07834
1.07805
1.07870
1.07902
1.07931
1.07948
1.07964
1.07967
1.07969
1.07987
1.08055
1.08150
1.08140
1.08129
1.08142
1.08113
1.08094
1.08071
1.08195
1.08114
1.08153
1.08218
1.08304
1.08383
1.08232
1.08312
1.08418
1.08410
1.08368
1.08422
1.08468
1.08436
1.08410
1.08408
1.08381
1.08461
1.08441
1.08367
1.08355
1.08366
1.08311
1.08219
1.08363
1.08318
1.08589
1.08564
1.08541
1.08524
1.08458
1.08305
1.08242
1.08266
1.08456
1.08436
1.08383
1.08431
1.08388
1.08435
1.08416
1.08368
1.08308
1.08296
1.08321
1.08380
1.08408
1.08456
1.08538
1.08721
1.08596
1.08777
1.08780
1.09091
1.09158
1.09117
1.08976
1.09039
1.08990
1.09045
1.09060
1.09045
1.09047
1.09017
1.09033
1.09147
1.09072
1.09065
1.09059
1.09024
1.08945
1.09028
1.08837
1.08888
1.08829
1.08683
1.08661
1.08862
1.08907
1.08662
1.08709
1.08685
1.08522
1.08544
1.08448
1.08401
1.08186
1.08019
1.08129
1.08065
1.07929
1.07891
1.07921
1.07943
1.08137
1.08381
1.08418
1.08498
1.08698
1.08760
1.08640
1.08827
1.08861
1.08893
1.08876
1.08859
1.08957
1.09056
1.08987
1.09012
1.09031
1.09059
1.09001
1.08921
1.08899
1.08877
1.08935
1.08847
1.09063
1.09245
1.09163
1.09304
1.09199
1.08966
1.08901
1.09030
1.09686
1.09497
1.09453
1.09474
1.09523
1.09563
1.09517
1.09545
1.09565
1.09566
1.09595
1.09564
1.09600
1.09587
1.09539
1.09568
1.09475
1.09493
1.09503
1.09511
1.09449
1.09400
1.09569
1.09394
1.09091
1.09164
1.08958
1.08996
1.09079
1.09027
1.09033
1.09057
1.09091
1.09021
1.08930
1.08912
1.08856
1.08911
1.08918
1.08937
1.09012
1.09057
1.08985
1.09079
1.08988
1.09143
1.08911
1.08958
1.09222
1.09250
1.09332
1.09329
1.09301
1.09221
1.09212
1.09175
1.09159
1.09187
1.09149
1.09168
1.09196
1.09187
1.09138
1.09162
1.09172
1.09145
1.09146
1.09127
1.09206
1.09165
1.09025
1.08978
1.09139
1.09108
1.09088
1.09072
1.09061
1.09030
1.08997
1.09081
1.09122
1.09029
1.08997
1.08976
1.08983
1.08953
1.08986
1.09040
1.09158
1.09111
1.09051
1.09053
1.08879
1.08479
1.08371
1.08374
1.08382
1.08466
1.08547
1.08582
1.08620
1.08602
1.08593
1.08640
1.08680
1.08770
1.08772
1.08815
1.08805
1.08816
1.08933
1.08833
1.08944
1.09061
1.09118
1.09217
1.09042
1.09110
1.09205
1.09102
1.09038
1.08980
1.09094
1.09063
1.09131
1.09087
1.09108
1.09161
1.09154
1.09244
1.09254
1.09179
1.09232
1.09246
1.09345
1.09257
1.09258
1.09229
1.09270
1.09242
1.09216
1.09630
1.09737
1.09751
1.09859
1.09951
1.09916
1.09939
1.09874
1.09909
1.09913
1.09942
1.09962
1.10012
1.09952
1.09918
1.09875
1.09889
1.09831
1.09793
1.09983
1.10137
1.10223
1.10132
1.10090
1.10477
1.10635
1.10461
1.10521
1.10546
1.10517
1.10475
1.10456
1.10456
1.10460
1.10471
1.10507
1.10534
1.10628
1.10693
1.10694
1.10678
1.10734
1.10659
1.10645
1.10581
1.10617
1.10576
1.10530
1.10336
1.10292
1.10051
1.09780
1.09764
1.09863
1.09978
1.09956
1.09909
1.09859
1.09835
1.09720
1.09703
1.09799
1.09754
1.09837
1.09878
1.09857
1.09910
1.09639
1.09795
1.09807
1.09759
1.09527
1.09311
1.09132
1.09127
1.09108
1.09229
1.09252
1.09298
1.09259
1.09258
1.09232
1.09237
1.09244
1.09319
1.09331
1.09349
1.09361
1.09412
1.09481
1.09695
1.09801
1.09739
1.09756
1.09654
1.09549
1.09567
1.09610
1.09564
1.09693
1.09674
1.09703
1.09700
1.09715
1.09715
1.09729
1.09739
1.09818
1.09685
1.09730
1.09732
1.09676
1.09601
1.09552
1.09617
1.09547
1.09290
1.09328
1.09302
1.09486
1.09590
1.09562
1.09522
1.09646
1.09550
1.09517
1.09540
1.09540
1.09556
1.09517
1.09508
1.09559
1.09592
1.09531
1.09585
1.09582
1.09610
1.09661
1.09602
1.09707
1.09608
1.09701
1.09538
1.09768
1.09720
1.09786
1.09685
1.09662
1.09693
1.09640
1.09625
1.09677
1.09656
1.09675
1.09667
1.09690
1.09644
1.09643
1.09631
1.09594
1.09598
1.09408
1.09554
1.09587
1.09538
1.09641
1.09805
1.09872
1.09533
1.09709
1.09710
1.09781
1.09797
1.09756
1.09893
1.09872
1.09915
1.09908
1.09940
1.09865
1.09800
1.09806
1.09795
1.09774
1.09738
1.09861
1.10076
1.09993
1.10156
1.10014
1.10219
1.10231
1.10285
1.10249
1.10329
1.10431
1.10456
1.10421
1.10452
1.10452
1.10502
1.10561
1.10582
1.10564
1.10530
1.10519
1.10502
1.10483
1.10509
1.10317
1.10388
1.10295
1.10197
1.10160
1.10166
1.09967
1.09757
1.09676
1.09672
1.09676
1.09714
1.09689
1.09719
1.09738
1.09773
1.09770
1.09774
1.09745
1.09762
1.09742
1.09802
1.09878
1.10059
1.10181
1.10408
1.10401
1.10441
1.10452
1.10529
1.10842
1.10423
1.10499
1.10401
1.10365
1.10380
1.10347
1.10412
1.10410
1.10388
1.10443
1.10446
1.10447
1.10521
1.10448
1.10497
1.10587
1.10550
1.10487
1.10520
1.10371
1.10439
1.10334
1.10122
1.10093
1.10098
1.10146
1.10076
1.10214
1.10260
1.10232
1.10272
1.10226
1.10257
1.10305
1.10336
1.10256
1.10161
1.10185
1.10126
1.10114
1.10242
1.10078
1.09902
1.09871
1.09828
1.09714
1.09835
1.10008
1.10359
1.10385
1.10299
1.10226
1.10162
1.10185
1.10172
1.10104
1.10099
1.10047
1.10029
1.10072
1.10130
1.10054
1.10050
1.09968
1.10024
1.09908
1.10023
1.10080
1.10123
1.10318
1.10182
1.09806
1.09684
1.09667
1.09712
1.09685
1.09718
1.09730
1.09736
1.09732
1.09676
1.09779
1.09872
1.09876
1.09831
1.09837
1.09826
1.09906
1.09848
1.09708
1.09517
1.09559
1.09667
1.09543
1.09414
1.09779
1.09956
1.09989
1.09964
1.10000
1.10048
1.10005
1.10008
1.10054
1.10099
1.10164
1.10219
1.10245
1.10287
1.10208
1.10191
1.10297
1.10335
1.10386
1.10395
1.10318
1.10386
1.10374
1.10314
1.10517
1.10469
1.10460
1.10480
1.10592
1.10535
1.10588
1.10595
1.10670
1.10675
1.10749
1.10805
1.10832
1.10804
1.10806
1.10827
1.10745
1.10570
1.10394
1.10540
1.10596
1.10735
1.10084
1.10229
1.09992
1.10074
1.10237
1.10206
1.10147
1.10136
1.10117
1.10129
1.10203
1.10221
1.10241
1.10346
1.10304
1.10431
1.10407
1.10390
1.10446
1.10259
1.10274
1.10263
1.10239
1.10085
1.09749
1.09907
1.10059
1.10236
1.10312
1.10107
1.10255
1.10172
1.10207
1.10153
1.10173
1.10233
1.10302
1.10311
1.10383
1.10426
1.10381
1.10474
1.10484
1.10351
1.10350
1.10470
1.10342
1.10362
1.10425
1.10149
1.10187
1.10262
1.10146
1.10047
1.10009
1.10054
1.10036
1.10004
1.09956
1.09888
1.09866
1.09895
1.09928
1.09878
1.09934
1.09932
1.09768
1.09778
1.09830
1.09788
1.09626
1.09492
1.09609
1.09549
1.09519
1.09541
1.09629
1.09655
1.09618
1.09611
1.09633
1.09642
1.09637
1.09681
1.09703
1.09735
1.09753
1.09711
1.09658
1.09687
1.09638
1.09511
1.09558
1.09538
1.09482
1.09996
1.09847
1.09712
1.09643
1.09695
1.09665
1.09759
1.09816
1.09815
1.09818
1.09854
1.09819
1.09917
1.09836
1.09797
1.09735
1.09744
1.09774
1.09293
1.09291
1.09274
1.09268
1.09216
1.09305
1.09319
1.09006
1.09165
1.09146
1.09241
1.09118
1.09174
1.09161
1.09146
1.09155
1.09154
1.09115
1.09206
1.09233
1.09176
1.09214
1.09252
1.09232
1.09279
1.09068
1.09126
1.09099
1.09045
1.08911
1.08860
1.08882
1.08614
1.08545
1.08508
1.08536
1.08521
1.08509
1.08532
1.08489
1.08519
1.08521
1.08622
1.08545
1.08590
1.08620
1.08668
1.08688
1.08730
1.08676
1.08680
1.08770
1.08766
1.08782
1.08785
1.08638
1.08724
1.08779
1.08754
1.08733
1.08740
1.08736
1.08738
1.08751
1.08726
1.08808
1.08764
1.08825
1.08815
1.08820
1.08701
1.08754
1.08875
1.08902
1.08927
1.08941
1.08860
1.08807
1.08740
1.08655
1.08637
1.08658
1.08661
1.08668
1.08619
1.08624
1.08615
1.08616
1.08645
1.08695
1.08689
1.08687
1.08645
1.08636
1.08521
1.08529
1.08309
1.08281
1.08297
1.08296
1.08242
1.08230
1.08144
1.08197
1.08283
1.08409
1.08429
1.08364
1.08390
1.08409
1.08386
1.08376
1.08370
1.08414
1.08442
1.08454
1.08390
1.08319
1.08293
1.08250
1.08152
1.08156
1.08173
1.08143
1.08142
1.07891
1.07770
1.07685
1.07742
1.07621
1.07657
1.07659
1.07731
1.07693
1.07699
1.07753
1.07740
1.07729
1.07624
1.07711
1.07674
1.07624
1.07678
1.07805
1.07766
1.07874
1.08012
1.07934
1.08077
1.08049
1.07942
1.07850
1.08179
1.08198
1.08188
1.08072
1.08050
1.08068
1.08164
1.08210
1.08225
1.08245
1.08219
1.08198
1.08171
1.08094
1.08096
1.08060
1.08095
1.08182
1.08210
1.08207
1.08183
1.08113
1.07974
1.08041
1.08089
1.08173
1.08183
1.08103
1.08116
1.08114
1.08119
1.08096
1.08108
1.08035
1.08093
1.08071
1.08094
1.08064
1.08082
1.08026
1.08023
1.07802
1.07768
1.07719
1.07628
1.07814
1.07778
1.07698
1.07659
1.07770
1.07752
1.07666
1.07692
1.07723
1.07714
1.07683
1.07715
1.07728
1.07736
1.07778
1.07790
1.07828
1.07768
1.07830
1.07767
1.07725
1.07505
1.07799
1.07885
1.07687
1.07616
1.07572
1.07549
1.07552
1.07497
1.07486
1.07485
1.07498
1.07542
1.07547
1.07496
1.07428
1.07408
1.07367
1.07334
1.07389
1.07311
1.07199
1.07218
1.07307
1.07217
1.07319
1.07176
1.07126
1.07275
1.07234
1.07114
1.07267
1.07201
1.07197
1.07244
1.07275
1.07252
1.07226
1.07244
1.07314
1.07333
1.07365
1.07389
1.07363
1.07284
1.07396
1.07309
1.07339
1.07433
1.07515
1.07396
1.07221
1.07043
1.07111
1.07187
1.07258
1.07283
1.07287
1.07198
1.07185
1.07207
1.07191
1.07307
1.07305
1.07296
1.07351
1.07355
1.07355
1.07272
1.07232
1.07151
1.07143
1.07096
1.07138
1.07087
1.07075
1.07131
1.07119
1.07109
1.07099
1.07083
1.07072
1.07097
1.07089
1.07059
1.07129
1.07222
1.07204
1.07057
1.07071
1.06853
1.06935
1.06892
1.07037
1.07186
1.07306
1.07429
1.07215
1.07290
1.07267
1.07206
1.07198
1.07159
1.07186
1.07291
1.07335
1.07323
1.07314
1.07307
1.07342
1.07122
1.07037
1.06968
1.06972
1.06965
1.06840
1.06731
1.06593
1.06752
1.06753
1.06772
1.06798
1.06908
1.06602
1.06517
1.06370
1.06622
1.06731
1.06853
1.06882
1.06863
1.06921
1.06925
1.06856
1.06905
1.06896
1.06861
1.06807
1.06761
1.06832
1.06694
1.06856
1.07079
1.07079
1.07051
1.07071
1.07261
1.07305
1.07499
1.07590
1.07631
1.07609
1.07615
1.07611
1.07593
1.07643
1.07595
1.07608
1.07605
1.07645
1.07670
1.07621
1.07704
1.07696
