1.09905
1.09909
1.09881
1.09795
1.09813
1.09816
1.09430
1.09040
1.08844
1.09061
1.09047
1.09069
1.09043
1.09045
1.09071
1.09065
1.09036
1.08915
1.08901
1.08869
1.08884
1.08862
1.08891
1.08907
1.08809
1.08838
1.08927
1.09241
1.09237
1.09250
1.08257
1.08318
1.08083
1.08223
1.08214
1.08049
1.08009
1.07922
1.07808
1.07844
1.07805
1.07834
1.07813
1.07882
1.07879
1.07892
1.07856
1.07789
1.07740
1.07642
1.07589
1.07558
1.07651
1.07565
1.07381
1.07213
1.07165
1.07086
1.07093
1.07225
1.07177
1.07229
1.07215
1.07233
1.07273
1.07326
1.07353
1.07351
1.07277
1.07297
1.07342
1.07221
1.06960
1.07098
1.07057
1.06972
1.07008
1.06849
1.06789
1.06682
1.06876
1.06890
1.06865
1.07004
1.07074
1.07206
1.07220
1.07242
1.07259
1.07225
1.07229
1.07293
1.07296
1.07265
1.07262
1.07230
1.07399
1.07492
1.07421
1.07320
1.07326
1.07248
1.07171
1.07126
1.07178
1.07249
1.07234
1.07199
1.07084
1.07103
1.07089
1.07088
1.07137
1.07086
1.07228
1.07245
1.07275
1.07265
1.07325
1.07233
1.07315
1.07501
1.07581
1.07577
1.07580
1.07617
1.07772
1.07607
1.07431
1.07381
1.07366
1.07323
1.07305
1.07319
1.07343
1.07361
1.07248
1.07272
1.07234
1.07166
1.07164
1.07172
1.07211
1.07182
1.07257
1.07031
1.06909
1.06926
1.06804
1.06807
1.06852
1.06735
1.06676
1.06653
1.06667
1.06672
1.06723
1.06746
1.06705
1.06670
1.06545
1.06596
1.06599
1.06598
1.06622
1.06664
1.06714
1.06728
1.06623
1.06744
1.06722
1.06727
1.06752
1.06756
1.07011
1.07095
1.07148
1.07107
1.07151
1.07132
1.07198
1.07183
1.07202
1.07289
1.07249
1.07246
1.07287
1.07312
1.07345
1.07332
1.07278
1.07278
1.07437
1.07476
1.07502
1.07478
1.07160
1.07074
1.07059
1.07115
1.07183
1.07263
1.07224
1.07314
1.07343
1.07324
1.07329
1.07320
1.07349
1.07222
1.07162
1.07135
1.07128
1.07031
1.06991
1.07038
1.07155
1.07146
1.07095
1.06960
1.06719
1.06650
1.06643
1.06663
1.06612
1.06596
1.06745
1.06788
1.06858
1.06802
1.06860
1.06837
1.06861
1.07017
1.07068
1.07059
1.07001
1.06952
1.06960
1.06997
1.06882
1.06988
1.06927
1.06909
1.06689
1.06586
1.06535
1.06673
1.06769
1.06824
1.06884
1.06683
1.06688
1.06688
1.06615
1.06545
1.06512
1.06480
1.06480
1.06319
1.06347
1.06309
1.06287
1.06298
1.06348
1.06315
1.06227
1.06118
1.06192
1.06358
1.06401
1.06559
1.06759
1.06767
1.06846
1.06925
1.06853
1.06816
1.06722
1.06726
1.06746
1.06781
1.06806
1.06829
1.06867
1.06867
1.06843
1.06782
1.06772
1.06821
1.06697
1.06694
1.06773
1.06826
1.06822
1.06830
1.06825
1.06825
1.06834
1.06815
1.06824
1.06814
1.06761
1.06666
1.06626
1.06612
1.06619
1.06652
1.06663
1.06590
1.06586
1.06418
1.06447
1.06453
1.06462
1.06506
1.06430
1.06448
1.06552
1.06517
1.06365
1.06389
1.06442
1.06422
1.06428
1.06453
1.06477
1.06531
1.06528
1.06539
1.06556
1.06503
1.06544
1.06515
1.06417
1.06347
1.06241
1.06237
1.06244
1.06351
1.06402
1.06242
1.06164
1.06170
1.06205
1.05983
1.05982
1.06003
1.06018
1.06025
1.06045
1.06101
1.06137
1.06203
1.06182
1.06143
1.06188
1.06097
1.06021
1.05865
1.05865
1.05850
1.06000
1.05920
1.05943
1.05868
1.05782
1.05761
1.05799
1.05861
1.05944
1.05923
1.05916
1.05943
1.05942
1.05925
1.05940
1.05961
1.05949
1.05961
1.05956
1.05880
1.05790
1.05834
1.05814
1.05725
1.05632
1.05409
1.05352
1.05393
1.05392
1.05420
1.05430
1.05431
1.05455
1.05433
1.05431
1.05442
1.05513
1.05514
1.05393
1.05427
1.05379
1.05321
1.05345
1.05470
1.05481
1.05478
1.05578
1.05545
1.05495
1.05752
1.05861
1.05788
1.05853
1.05978
1.06052
1.06035
1.06057
1.06001
1.06045
1.06048
1.05852
1.05846
1.05903
1.05862
1.05810
1.05810
1.05810
1.05925
1.06028
1.06047
1.06062
1.06051
1.06129
1.06131
1.06006
1.05992
1.05943
1.05872
1.05815
1.05756
1.05732
1.05727
1.05742
1.05644
1.05663
1.05806
1.05812
1.05872
1.05880
1.05884
1.06033
1.06248
1.06367
1.06390
1.06542
1.06626
1.06682
1.06643
1.06425
1.06583
1.06634
1.06491
1.06454
1.06553
1.06638
1.06644
1.06650
1.06578
1.06457
1.06479
1.06438
1.06445
1.06363
1.06345
1.06314
1.06253
1.06183
1.06121
1.06128
1.06037
1.05809
1.05846
1.05927
1.05915
1.05757
1.05756
1.05879
1.05852
1.05950
1.05949
1.05960
1.05959
1.06043
1.06010
1.06012
1.06044
1.06073
1.06082
1.06084
1.06090
1.06063
1.05994
1.06090
1.06022
1.06097
1.06096
1.05874
1.05917
1.06109
1.06190
1.06224
1.06295
1.06205
1.06224
1.06246
1.06232
1.06272
1.06428
1.06404
1.06401
1.06364
1.06417
1.06410
1.06272
1.06243
1.06213
1.06315
1.06392
1.06493
1.06605
1.06747
1.06792
1.06708
1.06674
1.06711
1.06750
1.06740
1.06781
1.06765
1.06755
1.06836
1.06837
1.06874
1.06803
1.06751
1.06735
1.06691
1.06545
1.06532
1.06545
1.06493
1.06517
1.06394
1.05730
1.05693
1.05649
1.05512
1.05451
1.05489
1.05464
1.05474
1.05471
1.05412
1.05427
1.05311
1.05267
1.05286
1.05235
1.05295
1.05326
1.05341
1.05339
1.05331
1.05333
1.05357
1.05343
1.05388
1.05271
1.05433
1.05398
1.05372
1.05387
1.05387
1.05401
1.05381
1.05425
1.05420
1.05355
1.05368
1.05409
1.05435
1.05474
1.05459
1.05469
1.05457
1.05479
1.05524
1.05651
1.05529
1.05516
1.05656
1.05659
1.05628
1.05686
1.05720
1.05746
1.05715
1.05742
1.05789
1.05776
1.05845
1.05885
1.05782
1.05846
1.05924
1.05848
1.05803
1.05829
1.05730
1.05792
1.05771
1.05857
1.05798
1.05809
1.06112
1.06660
1.06543
1.06548
1.06388
1.06352
1.06357
1.06746
1.06768
1.06754
1.06632
1.06672
1.07156
1.07155
1.07161
1.07124
1.07150
1.07032
1.06615
1.06594
1.06566
1.06494
1.06844
1.06957
1.07107
1.07219
1.07323
1.07283
1.07201
1.07250
1.07251
1.07242
1.07218
1.07106
1.07042
1.06979
1.06985
1.06972
1.06961
1.06924
1.06779
1.06821
1.06904
1.06995
1.07115
1.06957
1.06970
1.07043
1.07132
1.07094
1.07162
1.07310
1.07331
1.07312
1.07277
1.07305
1.07245
1.07243
1.07304
1.07367
1.07485
1.07421
1.07350
1.07299
1.07266
1.07259
1.06648
1.06190
1.05796
1.05517
1.05214
1.05283
1.05152
1.05269
1.05413
1.05464
1.05737
1.05733
1.05735
1.05737
1.05772
1.05721
1.05853
1.05865
1.05890
1.05967
1.05974
1.05987
1.05918
1.06115
1.06036
1.05993
1.06033
1.05748
1.05500
1.05721
1.05854
1.06065
1.05906
1.05907
1.06103
1.06087
1.06054
1.06073
1.06109
1.06107
1.06134
1.06249
1.06307
1.06379
1.06434
1.06435
1.06571
1.06506
1.06392
1.06242
1.06147
1.06111
1.06162
1.06239
1.06290
1.06412
1.06625
1.06658
1.06602
1.06576
1.06652
1.06666
1.06780
1.06682
1.06732
1.06638
1.06649
1.06674
1.06579
1.06409
1.06305
1.06488
1.06697
1.06878
1.07007
1.07020
1.07116
1.07106
1.07059
1.07145
1.07132
1.07182
1.07194
1.07166
1.07193
1.07148
1.07145
1.07142
1.07152
1.07132
1.07088
1.07094
1.07031
1.07051
1.07151
1.07238
1.07390
1.07603
1.07730
1.07715
1.07600
1.07645
1.07613
1.07600
1.07555
1.07616
1.07648
1.07663
1.07669
1.07680
1.07650
1.07658
1.07645
1.07652
1.07671
1.07662
1.07630
1.07581
1.07641
1.07748
1.07787
1.07874
1.07781
1.07748
1.07747
1.07826
1.07875
1.07889
1.07922
1.08516
1.08536
1.08545
1.08562
1.08570
1.08677
1.08780
1.08812
1.08923
1.08941
1.09012
1.09026
1.08999
1.08902
1.08797
1.08659
1.08688
1.08687
1.08720
1.08798
1.08828
1.08824
1.08632
1.08271
1.08232
1.08298
1.08286
1.08261
1.08304
1.08238
1.08196
1.08189
1.08163
1.08222
1.08302
1.08236
1.08217
1.07672
1.07205
1.07205
1.07121
1.07220
1.07397
1.07484
1.07407
1.07504
1.07545
1.07531
1.07566
1.07579
1.07640
1.07637
1.07700
1.07600
1.07568
1.07604
1.07677
1.07632
1.07627
1.07502
1.07439
1.07496
1.07556
1.07606
1.07660
1.07671
1.07694
1.07746
1.07766
1.07855
1.07851
1.07883
1.07910
1.07953
1.07920
1.07965
1.07982
1.08026
1.08095
1.08099
1.08114
1.08092
1.08054
1.08070
1.08073
1.08106
1.08095
1.08137
1.08198
1.08292
1.08213
1.08155
1.08302
1.08305
1.08358
1.08347
1.08405
1.08427
1.08385
1.08400
1.08354
1.08382
1.08387
1.08357
1.08337
1.08327
1.08308
1.08217
1.08168
1.08257
1.08311
1.08499
1.08516
1.08379
1.08317
1.08249
1.08237
1.08225
1.08248
1.08361
1.08383
1.08374
1.08386
1.08382
1.08391
1.08346
1.08276
1.08265
1.08254
1.08311
1.08355
1.08316
1.08226
1.08496
1.08583
1.08592
1.08714
1.08777
1.09063
1.09069
1.08935
1.08956
1.08910
1.08952
1.09014
1.09014
1.09040
1.09015
1.09010
1.09030
1.09067
1.09030
1.09004
1.09013
1.08938
1.08869
1.08792
1.08720
1.08748
1.08666
1.08632
1.08662
1.08764
1.08567
1.08580
1.08578
1.08472
1.08510
1.08421
1.08390
1.08042
1.08003
1.07979
1.08018
1.07905
1.07873
1.07889
1.07883
1.07905
1.08116
1.08289
1.08416
1.08487
1.08599
1.08607
1.08634
1.08828
1.08775
1.08831
1.08790
1.08850
1.08938
1.08987
1.08966
1.09013
1.09032
1.08982
1.08893
1.08875
1.08877
1.08869
1.08819
1.08845
1.09012
1.09128
1.09150
1.09153
1.08950
1.08859
1.08875
1.09033
1.09481
1.09424
1.09426
1.09431
1.09500
1.09517
1.09489
1.09530
1.09555
1.09559
1.09555
1.09559
1.09545
1.09526
1.09503
1.09457
1.09466
1.09400
1.09430
1.09403
1.09340
1.09366
1.09378
1.09017
1.09047
1.08954
1.08901
1.08983
1.09009
1.09002
1.08987
1.09053
1.09020
1.08920
1.08838
1.08846
1.08851
1.08887
1.08888
1.08924
1.09002
1.08925
1.08914
1.08967
1.08987
1.08886
1.08851
1.08915
1.09186
1.09249
1.09283
1.09284
1.09204
1.09158
1.09173
1.09149
1.09155
1.09135
1.09139
1.09161
1.09180
1.09138
1.09135
1.09105
1.09130
1.09121
1.09104
1.09095
1.09131
1.08755
1.08925
1.08978
1.09048
1.09080
1.09072
1.09025
1.09011
1.08987
1.08996
1.09055
1.09026
1.08965
1.08974
1.08960
1.08943
1.08900
1.08944
1.09032
1.09079
1.09037
1.09039
1.08855
1.08462
1.08371
1.08305
1.08363
1.08371
1.08468
1.08527
1.08541
1.08584
1.08567
1.08594
1.08629
1.08678
1.08661
1.08766
1.08788
1.08800
1.08816
1.08801
1.08827
1.08935
1.09054
1.09074
1.09042
1.09014
1.09064
1.09100
1.09022
1.08966
1.08952
1.09033
1.09065
1.09087
1.09078
1.09102
1.09136
1.09138
1.09204
1.09160
1.09155
1.09214
1.09243
1.09149
1.09184
1.09172
1.09197
1.09236
1.09201
1.09188
1.09572
1.09714
1.09693
1.09841
1.09912
1.09883
1.09856
1.09858
1.09877
1.09885
1.09924
1.09873
1.09935
1.09915
1.09828
1.09872
1.09822
1.09758
1.09800
1.09982
1.10098
1.10121
1.10076
1.10074
1.10424
1.10435
1.10452
1.10465
1.10494
1.10431
1.10434
1.10452
1.10433
1.10452
1.10471
1.10478
1.10520
1.10623
1.10654
1.10667
1.10611
1.10622
1.10584
1.10529
1.10545
1.10553
1.10468
1.10175
1.10175
1.09954
1.09743
1.09714
1.09743
1.09863
1.09912
1.09863
1.09846
1.09824
1.09720
1.09609
1.09701
1.09753
1.09748
1.09831
1.09826
1.09854
1.09632
1.09636
1.09714
1.09716
1.09506
1.09291
1.09083
1.09113
1.09098
1.09107
1.09182
1.09243
1.09238
1.09219
1.09225
1.09228
1.09214
1.09226
1.09271
1.09323
1.09329
1.09334
1.09341
1.09459
1.09657
1.09695
1.09683
1.09648
1.09534
1.09421
1.09523
1.09553
1.09539
1.09664
1.09664
1.09688
1.09690
1.09653
1.09713
1.09724
1.09729
1.09675
1.09641
1.09689
1.09663
1.09592
1.09455
1.09553
1.09476
1.09252
1.09261
1.09163
1.09263
1.09465
1.09560
1.09502
1.09509
1.09532
1.09508
1.09508
1.09508
1.09526
1.09507
1.09468
1.09500
1.09486
1.09513
1.09522
1.09543
1.09543
1.09591
1.09488
1.09551
1.09553
1.09567
1.09528
1.09325
1.09636
1.09704
1.09647
1.09624
1.09628
1.09580
1.09554
1.09624
1.09621
1.09662
1.09648
1.09609
1.09643
1.09623
1.09621
1.09577
1.09549
1.09371
1.09377
1.09516
1.09505
1.09481
1.09621
1.09725
1.09508
1.09416
1.09693
1.09683
1.09711
1.09741
1.09737
1.09852
1.09867
1.09903
1.09834
1.09860
1.09794
1.09789
1.09788
1.09716
1.09722
1.09649
1.09831
1.09984
1.09982
1.09984
1.09985
1.10120
1.10198
1.10195
1.10239
1.10326
1.10410
1.10409
1.10422
1.10400
1.10452
1.10484
1.10525
1.10554
1.10510
1.10506
1.10499
1.10443
1.10454
1.10237
1.10245
1.10290
1.10185
1.10087
1.10130
1.09935
1.09740
1.09676
1.09644
1.09632
1.09637
1.09677
1.09687
1.09653
1.09718
1.09720
1.09711
1.09675
1.09717
1.09728
1.09713
1.09789
1.09841
1.10032
1.10152
1.10360
1.10378
1.10304
1.10346
1.10475
1.10410
1.10354
1.10320
1.10338
1.10315
1.10314
1.10342
1.10362
1.10342
1.10379
1.10401
1.10381
1.10418
1.10448
1.10447
1.10491
1.10480
1.10391
1.10404
1.10331
1.10337
1.10298
1.09998
1.09911
1.10041
1.10051
1.10061
1.10045
1.10178
1.10217
1.10225
1.10207
1.10224
1.10256
1.10292
1.10241
1.10147
1.10115
1.10072
1.10048
1.10052
1.09929
1.09759
1.09807
1.09814
1.09699
1.09615
1.09818
1.09899
1.10280
1.10274
1.10208
1.10144
1.10110
1.10148
1.10098
1.10092
1.10036
1.10011
1.09999
1.10046
1.10024
1.10001
1.09939
1.09954
1.09906
1.09875
1.09988
1.10054
1.10068
1.10172
1.09770
1.09653
1.09634
1.09645
1.09678
1.09649
1.09706
1.09695
1.09718
1.09664
1.09676
1.09776
1.09851
1.09825
1.09781
1.09825
1.09822
1.09814
1.09589
1.09484
1.09470
1.09560
1.09534
1.09397
1.09409
1.09768
1.09931
1.09937
1.09964
1.09996
1.09977
1.09972
1.09998
1.10039
1.10039
1.10119
1.10189
1.10242
1.10205
1.10175
1.10133
1.10250
1.10334
1.10357
1.10288
1.10311
1.10213
1.10285
1.10306
1.10469
1.10436
1.10408
1.10363
1.10394
1.10508
1.10539
1.10596
1.10632
1.10677
1.10704
1.10795
1.10792
1.10786
1.10790
1.10718
1.10512
1.10363
1.10357
1.10480
1.10593
1.10005
1.10019
1.09853
1.09945
1.10073
1.10197
1.10103
1.10125
1.10105
1.10080
1.10090
1.10185
1.10181
1.10242
1.10266
1.10301
1.10396
1.10371
1.10290
1.10247
1.10230
1.10211
1.10204
1.10075
1.09657
1.09750
1.09846
1.10038
1.10203
1.10087
1.10097
1.10156
1.10157
1.10134
1.10133
1.10158
1.10177
1.10272
1.10304
1.10377
1.10359
1.10366
1.10375
1.10349
1.10219
1.10344
1.10292
1.10309
1.10325
1.10121
1.10107
1.10179
1.10124
1.10041
1.09992
1.09992
1.09985
1.10002
1.09945
1.09841
1.09861
1.09840
1.09871
1.09875
1.09838
1.09864
1.09718
1.09731
1.09768
1.09766
1.09582
1.09489
1.09402
1.09523
1.09500
1.09481
1.09534
1.09604
1.09605
1.09585
1.09577
1.09587
1.09630
1.09636
1.09674
1.09694
1.09718
1.09709
1.09614
1.09635
1.09619
1.09493
1.09470
1.09506
1.09450
1.09406
1.09713
1.09632
1.09643
1.09642
1.09606
1.09666
1.09750
1.09797
1.09775
1.09815
1.09813
1.09815
1.09832
1.09742
1.09727
1.09687
1.09735
1.09283
1.09232
1.09174
1.09228
1.09170
1.09205
1.09250
1.09001
1.08992
1.09085
1.09145
1.09099
1.09109
1.09153
1.09142
1.09136
1.09137
1.09106
1.09114
1.09162
1.09168
1.09142
1.09207
1.09210
1.09187
1.09052
1.09036
1.08980
1.09042
1.08882
1.08804
1.08785
1.08606
1.08534
1.08476
1.08494
1.08479
1.08498
1.08494
1.08446
1.08468
1.08472
1.08514
1.08543
1.08540
1.08563
1.08609
1.08592
1.08638
1.08650
1.08544
1.08657
1.08725
1.08727
1.08715
1.08637
1.08630
1.08668
1.08737
1.08726
1.08727
1.08719
1.08727
1.08738
1.08723
1.08727
1.08742
1.08673
1.08789
1.08792
1.08693
1.08619
1.08710
1.08867
1.08882
1.08892
1.08840
1.08671
1.08727
1.08588
1.08542
1.08629
1.08605
1.08634
1.08572
1.08597
1.08600
1.08606
1.08598
1.08631
1.08613
1.08674
1.08637
1.08623
1.08515
1.08491
1.08304
1.08262
1.08197
1.08236
1.08239
1.08128
1.08140
1.08094
1.08168
1.08280
1.08407
1.08355
1.08360
1.08359
1.08358
1.08373
1.08339
1.08339
1.08370
1.08428
1.08368
1.08318
1.08260
1.08224
1.08083
1.08112
1.08064
1.08045
1.08073
1.07845
1.07742
1.07661
1.07624
1.07617
1.07615
1.07631
1.07650
1.07690
1.07671
1.07699
1.07728
1.07717
1.07589
1.07598
1.07659
1.07596
1.07607
1.07660
1.07729
1.07702
1.07867
1.07897
1.07915
1.08043
1.07883
1.07834
1.07813
1.08105
1.08171
1.08071
1.07969
1.08040
1.08065
1.08161
1.08159
1.08201
1.08177
1.08189
1.08169
1.08093
1.08063
1.07945
1.07982
1.08072
1.08164
1.08116
1.08151
1.08078
1.07964
1.07952
1.08019
1.08071
1.08131
1.08094
1.08088
1.08072
1.08096
1.08055
1.08097
1.08033
1.08018
1.08039
1.08051
1.07994
1.08023
1.07845
1.07882
1.07794
1.07690
1.07719
1.07624
1.07620
1.07764
1.07698
1.07594
1.07635
1.07743
1.07654
1.07660
1.07671
1.07698
1.07677
1.07668
1.07668
1.07677
1.07718
1.07748
1.07779
1.07754
1.07693
1.07742
1.07721
1.07473
1.07503
1.07776
1.07682
1.07572
1.07539
1.07486
1.07529
1.07488
1.07485
1.07481
1.07479
1.07414
1.07517
1.07444
1.07399
1.07392
1.07352
1.07320
1.07329
1.07272
1.07133
1.07189
1.07213
1.07213
1.07211
1.07138
1.07064
1.07124
1.07172
1.07109
1.07105
1.07181
1.07143
1.07198
1.07201
1.07231
1.07217
1.07182
1.07235
1.07313
1.07331
1.07360
1.07357
1.07277
1.07244
1.07278
1.07247
1.07254
1.07399
1.07267
1.07195
1.07012
1.07009
1.07112
1.07178
1.07244
1.07258
1.07135
1.07175
1.07178
1.07163
1.07176
1.07297
1.07284
1.07291
1.07332
1.07350
1.07237
1.07144
1.07123
1.07111
1.07096
1.07090
1.07071
1.07050
1.07072
1.07103
1.07105
1.07096
1.07083
1.07047
1.07073
1.07063
1.07052
1.07033
1.07128
1.07184
1.07007
1.07024
1.06804
1.06839
1.06716
1.06864
1.06962
1.07187
1.07295
1.07207
1.07177
1.07194
1.07189
1.07153
1.07133
1.07133
1.07171
1.07263
1.07272
1.07302
1.07296
1.07265
1.07109
1.07018
1.06935
1.06943
1.06844
1.06786
1.06690
1.06577
1.06588
1.06668
1.06740
1.06772
1.06774
1.06565
1.06500
1.06342
1.06346
1.06619
1.06696
1.06848
1.06801
1.06850
1.06916
1.06846
1.06793
1.06872
1.06846
1.06803
1.06751
1.06725
1.06608
1.06636
1.06819
1.06997
1.07041
1.06837
1.07019
1.07204
1.07270
1.07468
1.07547
1.07605
1.07560
1.07580
1.07544
1.07595
1.07587
1.07573
1.07577
1.07599
1.07624
1.07611
1.07610
1.07696
