1.28340
1.18190
1.16230
1.12580
1.12970
1.15100
1.17950
1.17940
1.23900
1.30170
1.30070
1.25620
1.19840
1.21180
1.23210
1.29190
1.35090
1.40140
1.41040
1.40700
1.26960
1.26590
1.24800
1.21560
1.21780
1.24950
1.24660
1.23750
1.16220
1.17750
1.23150
1.22940
1.16340
1.15670
1.13680
1.15070
1.17830
1.18940
1.19810
1.24360
1.28940
1.28130
1.27690
1.31610
1.31170
1.26920
1.30280
1.34600
1.45350
1.45200
1.43580
1.42040
1.42490
1.42470
1.38860
1.41600
1.39930
1.37030
1.36690
1.35660
1.33390
1.32690
1.29200
1.29490
1.33530
1.33050
1.32270
1.29930
1.31380
1.28270
1.27150
1.19510
1.17680
1.17620
1.17280
1.14890
1.12440
1.09470
1.11930
1.14400
1.15370
1.11250
1.11580
1.09620
1.09620
1.11010
1.12160
1.11880
1.11780
1.13070
1.18400
1.24010
1.19430
1.19670
1.18600
1.14020
1.10740
1.08870
1.08360
1.05660
1.07460
1.08290
1.07330
1.09170
1.05980
1.03000
1.04190
1.00940
0.97970
0.97150
0.94150
0.97040
0.96020
0.92930
0.90450
0.88650
0.87970
0.94330
0.95990
0.94510
0.93880
0.90960
0.90140
0.86790
0.88190
0.92440
0.93380
0.92480
0.91260
0.90870
0.90700
0.88050
0.88720
0.90480
0.94170
0.99940
1.02060
0.99220
0.99950
0.99300
1.01740
1.04960
1.09100
1.09400
1.10870
1.11920
1.19380
1.19340
1.16120
1.14290
1.17390
1.18620
1.20180
1.26500
1.29000
1.29300
1.25440
1.23920
1.22990
1.23550
1.24710
1.23900
1.24460
1.28430
1.33370
1.36680
1.35840
1.32820
1.34820
1.31230
1.29880
1.23510
1.22550
1.24850
1.25880
1.22030
1.20840
1.20600
1.23220
1.21620
1.22050
1.26340
1.29710
1.29790
1.28570
1.29380
1.28730
1.27810
1.32740
1.33670
1.32950
1.32580
1.34090
1.36800
1.36730
1.35520
1.38510
1.38370
1.42770
1.45020
1.49650
1.47680
1.49210
1.52390
1.58990
1.60180
1.58170
1.58420
1.60370
1.56290
1.48650
1.41730
1.31130
1.47180
1.40560
1.30920
1.37360
1.35810
1.41660
1.43360
1.43020
1.44460
1.48440
1.50630
1.51440
1.51410
1.45790
1.40260
1.38170
1.36910
1.33590
1.24660
1.31060
1.33340
1.36830
1.41580
1.42820
1.34970
1.37580
1.38610
1.42470
1.48810
1.49390
1.46950
1.45770
1.45480
1.43800
1.42460
1.38700
1.35440
1.32250
1.34850
1.33840
1.33790
1.32830
1.27470
1.26779
1.26367
1.31714
1.31387
1.30268
1.33074
1.35934
1.37103
1.31337
1.32009
1.32421
1.34152
1.33437
1.34512
1.35677
1.38315
1.36209
1.38935
1.37747
1.38239
1.39660
1.39049
1.39927
1.36970
1.36997
1.34443
1.31596
1.28860
1.25980
1.25694
1.21069
1.15337
1.12400
1.12654
1.14665
1.14359
1.12080
1.17132
1.14595
1.14945
1.10519
1.10589
1.09836
1.13760
1.14111
1.14642
1.16156
1.14273
1.11966
1.13656
1.13264
1.12432
1.12988
1.08715
1.08115
1.08279
1.09050
1.09500
1.12672
1.14445
1.18446
1.20694
1.20916
1.18789
1.19603
1.20246
1.25368
1.25542
1.24757
1.24127
1.20832
1.18510
1.17897
1.17327
1.18141
1.16239
1.14991
1.14849
1.15688
1.14876
1.14469
1.13229
1.12639
1.14111
1.13701
1.12486
1.11087
1.11785
1.11745
1.12383
1.12236
1.10944
1.14952
1.10367
1.11439
1.14212
1.19079
1.19652
1.20100
1.18797
1.20023
1.23089
1.23484
1.22419
1.21120
1.21490
1.22654
1.22534
1.19077
1.18987
1.19081
1.16911
1.16155
1.13855
1.14819
1.14939
1.12321
1.10752
1.07860
1.07728
1.04812
1.03677
1.01969
1.00929
1.04959
1.07349
1.09285
1.10321
1.09287
1.10944
1.10907
1.07779
