1.28220
1.15140
1.14600
1.12220
1.08100
1.12260
1.12000
1.17120
1.17210
1.21010
1.28400
1.21600
1.18970
1.19000
1.18720
1.21710
1.28360
1.32640
1.39580
1.38640
1.26840
1.23120
1.20280
1.21290
1.18250
1.21590
1.23320
1.23210
1.14530
1.12240
1.16540
1.19680
1.15970
1.14020
1.12480
1.12870
1.14710
1.16770
1.18210
1.18790
1.23240
1.24450
1.23670
1.26080
1.30150
1.24670
1.26260
1.28250
1.33970
1.42890
1.40870
1.38220
1.41500
1.41030
1.33290
1.36870
1.38760
1.35260
1.36170
1.31420
1.32780
1.32260
1.27680
1.28390
1.28090
1.32880
1.31890
1.28370
1.28860
1.27170
1.26730
1.19240
1.15500
1.16820
1.13020
1.14560
1.12100
1.06340
1.07880
1.11130
1.13400
1.10970
1.08800
1.06720
1.07780
1.07550
1.10100
1.10100
1.09590
1.10800
1.12900
1.17770
1.19050
1.15950
1.17950
1.13800
1.09920
1.07640
1.05890
1.04240
1.03610
1.06970
1.05640
1.06800
1.05360
1.00860
1.00800
0.97110
0.96280
0.95680
0.91130
0.93630
0.95240
0.92650
0.88850
0.88380
0.84810
0.87190
0.94210
0.93750
0.92290
0.87400
0.88910
0.84500
0.85040
0.87590
0.90940
0.91160
0.90030
0.89570
0.89070
0.85940
0.86940
0.87150
0.90050
0.93260
0.99120
0.97730
0.98230
0.98660
0.99050
0.99440
1.04990
1.07870
1.07780
1.09190
1.11840
1.17190
1.15250
1.12330
1.09870
1.16540
1.15790
1.19890
1.25670
1.24710
1.24850
1.23180
1.19820
1.21880
1.21990
1.20620
1.21830
1.24370
1.28020
1.32810
1.35500
1.30380
1.32280
1.29610
1.28600
1.23060
1.20850
1.21220
1.23380
1.20230
1.19910
1.17890
1.18570
1.21440
1.19270
1.21130
1.26270
1.28170
1.27810
1.27670
1.28060
1.26850
1.27630
1.32380
1.32000
1.30240
1.32270
1.33730
1.36410
1.34530
1.35400
1.36770
1.36320
1.42760
1.44690
1.46370
1.45910
1.48480
1.51940
1.57620
1.56190
1.55680
1.57540
1.55960
1.47020
1.41130
1.27460
1.26950
1.40420
1.27690
1.26300
1.32380
1.32230
1.41290
1.40360
1.42650
1.43310
1.46380
1.47140
1.50070
1.43000
1.38640
1.36190
1.35070
1.33540
1.23070
1.22310
1.30600
1.26880
1.36290
1.39700
1.29820
1.33430
1.36920
1.38080
1.41720
1.48140
1.43940
1.44920
1.43610
1.43800
1.33420
1.38420
1.34400
1.29380
1.30900
1.33240
1.33590
1.32410
1.23598
1.26758
1.22986
1.25695
1.28484
1.29580
1.29819
1.32019
1.35870
1.30665
1.28105
1.31660
1.29919
1.30136
1.32965
1.32140
1.35212
1.35874
1.35868
1.37616
1.34829
1.37589
1.37732
1.38650
1.36367
1.36924
1.33873
1.31279
1.26296
1.25068
1.24461
1.21030
1.13126
1.11813
1.07407
1.12131
1.09802
1.11429
1.09727
1.12093
1.11720
1.10349
1.05712
1.08711
1.08289
1.08836
1.13804
1.14597
1.11293
1.11023
1.11800
1.11569
1.12280
1.09714
1.05943
1.05175
1.07949
1.05718
1.06606
1.08964
1.12422
1.14165
1.18349
1.19201
1.17900
1.16487
1.18889
1.20051
1.24113
1.21921
1.23194
1.20783
1.16913
1.16746
1.16867
1.15938
1.16091
1.13162
1.13491
1.14612
1.14455
1.13700
1.12263
1.12143
1.11599
1.13657
1.10700
1.09882
1.08976
1.11510
1.10232
1.12121
1.10940
1.10476
1.10295
1.09508
1.11124
1.12318
1.17708
1.19383
1.17230
1.16475
1.19302
1.22376
1.21286
1.20751
1.17276
1.20317
1.22265
1.18579
1.18687
1.18064
1.15799
1.15600
1.13368
1.13715
1.12308
1.12190
1.10653
1.05528
1.07305
1.04786
1.02173
1.00482
0.97951
0.98837
1.04079
1.07068
1.08616
1.05784
1.08398
1.10169
1.06862
