1.13580
1.09700
1.11100
1.07310
1.06140
1.06640
1.11840
1.13580
1.16990
1.20920
1.19640
1.17420
1.16140
1.16650
1.18140
1.20690
1.27740
1.31450
1.27830
1.26060
1.21010
1.20460
1.18580
1.17390
1.16880
1.20720
1.19070
1.13860
1.12030
1.11920
1.16490
1.15690
1.13760
1.12390
1.11350
1.10690
1.13380
1.13550
1.16340
1.16750
1.21840
1.22780
1.23540
1.25310
1.24340
1.23510
1.24960
1.27180
1.33190
1.37880
1.33800
1.36090
1.38360
1.30720
1.30000
1.35480
1.34850
1.34520
1.30880
1.30840
1.31080
1.27370
1.26170
1.26570
1.25960
1.30720
1.27910
1.26580
1.27030
1.24240
1.18050
1.14560
1.13640
1.12440
1.12730
1.11990
1.05770
1.03440
1.06310
1.09130
1.10570
1.08670
1.06080
1.06460
1.07210
1.07000
1.09910
1.08600
1.07900
1.08760
1.11920
1.17700
1.14550
1.15650
1.13400
1.09220
1.06780
1.05450
1.03950
1.02560
1.01040
1.03950
1.02840
1.04290
1.00340
0.99860
0.96650
0.93990
0.94760
0.90570
0.88400
0.92820
0.91900
0.88380
0.84370
0.82250
0.83660
0.86980
0.91130
0.90110
0.87470
0.86940
0.84380
0.84110
0.83440
0.87380
0.88220
0.88670
0.87330
0.87390
0.85700
0.85620
0.86290
0.87100
0.89910
0.93010
0.97130
0.96210
0.96070
0.96860
0.98750
0.98590
1.03340
1.06640
1.04990
1.05580
1.11520
1.13970
1.11090
1.07860
1.07620
1.15310
1.13750
1.19360
1.23340
1.23700
1.20460
1.17590
1.17710
1.19530
1.19890
1.19680
1.20210
1.22230
1.26570
1.31380
1.29200
1.27310
1.28550
1.27660
1.22950
1.19820
1.18670
1.21180
1.19770
1.18750
1.16400
1.16600
1.18000
1.18250
1.18590
1.20330
1.25540
1.24780
1.24550
1.26940
1.26300
1.24820
1.26810
1.30500
1.28640
1.29120
1.30720
1.33160
1.34050
1.32620
1.35270
1.33580
1.35490
1.40130
1.44020
1.43090
1.43640
1.44390
1.51440
1.55090
1.52840
1.53010
1.55200
1.45700
1.38810
1.23280
1.23870
1.25480
1.27640
1.25120
1.24560
1.28840
1.32120
1.37480
1.38310
1.40450
1.41770
1.44800
1.46260
1.42170
1.38500
1.34430
1.32670
1.31150
1.21440
1.18760
1.21930
1.25880
1.26430
1.36190
1.29690
1.29710
1.28710
1.34280
1.37430
1.40610
1.39690
1.40730
1.38370
1.40550
1.33620
1.31450
1.32110
1.28570
1.26230
1.29740
1.30030
1.29940
1.23359
1.22878
1.20417
1.21332
1.25013
1.28036
1.26610
1.28759
1.29968
1.30178
1.27503
1.27446
1.27958
1.29550
1.27552
1.31725
1.31043
1.34723
1.32946
1.35238
1.34786
1.34764
1.37042
1.36722
1.35856
1.35022
1.33663
1.31265
1.25704
1.24893
1.23575
1.20970
1.10970
1.11754
1.04617
1.05198
1.08185
1.08865
1.08079
1.08475
1.10865
1.08961
1.05570
1.05388
1.07099
1.08142
1.08213
1.12175
1.10973
1.09098
1.09512
1.10451
1.11223
1.08502
1.05172
1.03514
1.03395
1.04927
1.04940
1.05687
1.08382
1.11180
1.13116
1.16615
1.17162
1.15731
1.15532
1.17166
1.19148
1.21871
1.21539
1.20546
1.15091
1.15073
1.15740
1.13001
1.15250
1.13013
1.12145
1.12689
1.12884
1.12333
1.11757
1.11104
1.11062
1.11594
1.10593
1.09624
1.08838
1.08781
1.09802
1.10020
1.09914
1.07768
1.06351
1.07261
1.07657
1.10995
1.11838
1.16949
1.16114
1.16392
1.16020
1.19286
1.20526
1.19515
1.17033
1.17118
1.19851
1.18440
1.17510
1.16631
1.15618
1.15231
1.11853
1.12206
1.11204
1.11053
1.08050
1.04702
1.03489
1.03581
0.99513
0.98995
0.95349
0.96309
0.97291
1.03921
1.04811
1.05321
1.05152
1.07873
1.06342
1.06608
