1.14770
1.14610
1.12230
1.07960
1.12230
1.11840
1.17080
1.17230
1.20340
1.28700
1.21280
1.18930
1.19050
1.18700
1.21650
1.28360
1.32460
1.39530
1.38650
1.26800
1.23160
1.20670
1.21250
1.18210
1.21630
1.23440
1.23020
1.14500
1.12270
1.16580
1.19670
1.15940
1.14080
1.12520
1.12900
1.14730
1.16790
1.18250
1.18810
1.23250
1.24360
1.23690
1.26120
1.30170
1.24680
1.26220
1.28340
1.34010
1.42890
1.40860
1.38140
1.41520
1.41020
1.33250
1.36960
1.38750
1.35290
1.36030
1.31510
1.32800
1.32240
1.27690
1.28390
1.28090
1.32890
1.31890
1.28370
1.28870
1.27040
1.26870
1.19480
1.15720
1.16820
1.13040
1.14540
1.12130
1.06380
1.08190
1.11130
1.13340
1.10910
1.08740
1.06860
1.07670
1.07690
1.10250
1.10340
1.09830
1.11000
1.13070
1.18020
1.19020
1.16000
1.17240
1.13680
1.10290
1.07620
1.05750
1.04200
1.03590
1.07080
1.05640
1.06780
1.05210
1.00880
1.00860
0.97110
0.96260
0.95760
0.91120
0.93650
0.95270
0.92690
0.88880
0.88480
0.84910
0.87290
0.94260
0.93790
0.92390
0.87600
0.88850
0.84490
0.84990
0.87660
0.91260
0.91140
0.90020
0.89660
0.88970
0.85930
0.86930
0.87230
0.90040
0.93400
0.99120
0.97710
0.98220
0.98670
0.99060
0.99490
1.04790
1.07700
1.08080
1.09150
1.11830
1.17740
1.15240
1.12330
1.09830
1.16530
1.15930
1.19960
1.25590
1.24760
1.24940
1.23180
1.19790
1.21890
1.21990
1.20240
1.21830
1.24370
1.27950
1.32800
1.35650
1.30380
1.32280
1.29620
1.28670
1.23070
1.20860
1.21230
1.23390
1.20190
1.19900
1.17900
1.18380
1.21450
1.19280
1.21200
1.26280
1.28160
1.27890
1.27660
1.28050
1.26800
1.27640
1.32390
1.32010
1.30220
1.32250
1.33560
1.36420
1.34510
1.35330
1.36760
1.36200
1.42770
1.44700
1.46280
1.45950
1.48470
1.51800
1.57610
1.56170
1.55560
1.57530
1.55950
1.47000
1.41120
1.27250
1.26920
1.39670
1.28030
1.26750
1.32400
1.32240
1.41300
1.40350
1.42510
1.43320
1.46370
1.47180
1.50080
1.43180
1.38630
1.36200
1.35060
1.33140
1.23080
1.22320
1.30300
1.26890
1.36280
1.39710
1.29810
1.33680
1.36910
1.38090
1.41730
1.48110
1.43950
1.44910
1.43560
1.43790
1.33950
1.38430
1.34390
1.29410
1.30890
1.33230
1.33360
1.32420
1.23596
1.26551
1.22992
1.25771
1.28486
1.29582
1.30037
1.31978
1.35867
1.30666
1.28104
1.31659
1.29956
1.30137
1.32962
1.32155
1.35213
1.35872
1.35833
1.37772
1.34856
1.38025
1.37731
1.38652
1.36304
1.36925
1.33876
1.31280
1.26299
1.25241
1.24464
1.21005
1.12991
1.11896
1.07406
1.12130
1.09800
1.11424
1.09819
1.12094
1.11723
1.10056
1.05711
1.08651
1.08290
1.08835
1.13805
1.14499
1.11291
1.11019
1.11803
1.11570
1.12324
1.09713
1.05953
1.05237
1.07951
1.05721
1.06684
1.08948
1.12425
1.14207
1.18351
1.19203
1.18184
1.16488
1.18890
1.19971
1.24114
1.21920
1.23177
1.20767
1.16915
1.16764
1.16868
1.16063
1.16097
1.13161
1.13206
1.14554
1.14453
1.13702
1.12262
1.12141
1.11718
1.13650
1.10701
1.09910
1.08975
1.11508
1.10158
1.12165
1.10899
1.10370
1.10294
1.09506
1.11123
1.12319
1.17779
1.19381
1.17231
1.16461
1.19300
1.22153
1.21284
1.20753
1.17275
1.20218
1.22264
1.18581
1.18612
1.18089
1.15806
1.15599
1.13370
1.13750
1.12309
1.12189
1.10663
1.05479
1.07298
1.04783
1.02172
1.00480
0.98000
0.98836
1.04080
1.07032
1.08615
1.05785
1.08448
1.10172
1.06863
1.07143
