1.10139
1.10095
1.10052
1.09993
1.10011
1.10035
1.10017
1.09654
1.09383
1.09479
1.09258
1.09217
1.09216
1.09140
1.09152
1.09092
1.09105
1.09043
1.08986
1.08951
1.08949
1.08936
1.08975
1.08990
1.09049
1.09065
1.09300
1.09357
1.09361
1.09360
1.09391
1.08703
1.08752
1.08606
1.08359
1.08238
1.08136
1.08039
1.07916
1.07975
1.07940
1.07932
1.07971
1.07974
1.07980
1.07971
1.07972
1.07953
1.07943
1.07873
1.07766
1.07663
1.07821
1.07769
1.07653
1.07467
1.07383
1.07209
1.07256
1.07363
1.07299
1.07294
1.07286
1.07283
1.07354
1.07416
1.07408
1.07418
1.07373
1.07407
1.07428
1.07385
1.07251
1.07340
1.07216
1.07171
1.07113
1.07054
1.06984
1.06957
1.07111
1.07656
1.07614
1.07275
1.07283
1.07289
1.07288
1.07301
1.07331
1.07341
1.07322
1.07340
1.07337
1.07340
1.07387
1.07588
1.07579
1.07599
1.07548
1.07462
1.07481
1.07367
1.07423
1.07270
1.07353
1.07391
1.07382
1.07330
1.07235
1.07146
1.07160
1.07162
1.07182
1.07252
1.07319
1.07317
1.07317
1.07370
1.07439
1.07394
1.07584
1.07678
1.07774
1.07762
1.07712
1.07889
1.07898
1.07884
1.07623
1.07605
1.07477
1.07446
1.07385
1.07401
1.07407
1.07409
1.07387
1.07377
1.07333
1.07253
1.07233
1.07259
1.07282
1.07437
1.07520
1.07438
1.07100
1.07101
1.06996
1.06984
1.07059
1.07056
1.06859
1.06732
1.06757
1.06743
1.06800
1.06840
1.06793
1.06781
1.06739
1.06703
1.06673
1.06684
1.06697
1.06785
1.06889
1.06846
1.06830
1.06840
1.06832
1.06956
1.06945
1.07060
1.07263
1.07224
1.07208
1.07290
1.07271
1.07228
1.07241
1.07247
1.07315
1.07360
1.07333
1.07329
1.07349
1.07391
1.07387
1.07420
1.07456
1.07491
1.07659
1.07653
1.07641
1.07669
1.08023
1.07684
1.07708
1.07330
1.07296
1.07445
1.07399
1.07413
1.07381
1.07379
1.07386
1.07390
1.07435
1.07389
1.07266
1.07198
1.07201
1.07190
1.07177
1.07276
1.07289
1.07320
1.07231
1.07172
1.07049
1.06882
1.06835
1.06867
1.06814
1.06770
1.06854
1.06893
1.06905
1.06894
1.06916
1.06946
1.07073
1.07140
1.07117
1.07095
1.07076
1.07079
1.07094
1.07214
1.07118
1.07119
1.07058
1.07071
1.07078
1.06882
1.06818
1.06902
1.06950
1.06952
1.06966
1.06900
1.06747
1.06751
1.06686
1.06646
1.06648
1.06542
1.06548
1.06521
1.06398
1.06378
1.06453
1.06461
1.06605
1.06437
1.06411
1.06256
1.06427
1.06546
1.06812
1.06786
1.06926
1.06898
1.06959
1.06974
1.06916
1.06928
1.06848
1.06803
1.06859
1.06834
1.06904
1.06922
1.06929
1.07028
1.07037
1.06982
1.06879
1.06911
1.06851
1.06853
1.06904
1.06928
1.06881
1.06895
1.06859
1.06863
1.06863
1.06871
1.06877
1.06876
1.06840
1.06768
1.06743
1.06658
1.06690
1.06729
1.06727
1.06714
1.06876
1.06740
1.06669
1.06599
1.06637
1.06685
1.06722
1.06970
1.06847
1.06618
1.06604
1.06513
1.06515
1.06479
1.06504
1.06526
1.06575
1.06631
1.06597
1.06616
1.06591
1.06580
1.06591
1.06626
1.06568
1.06497
1.06412
1.06348
1.06468
1.06494
1.06593
1.06565
1.06331
1.06335
1.06351
1.06318
1.06063
1.06046
1.06054
1.06093
1.06112
1.06207
1.06238
1.06238
1.06233
1.06234
1.06267
1.06232
1.06167
1.06053
1.06005
1.06033
1.06181
1.06200
1.06157
1.06076
1.05972
1.05849
1.05921
1.06019
1.06022
1.06023
1.05971
1.06008
1.06046
1.06135
1.06054
1.06043
1.06006
1.06013
1.06013
1.05973
1.05949
1.05917
1.05951
1.05893
1.05788
1.05735
1.05597
1.05586
1.05587
1.05578
1.05539
1.05533
1.05546
1.05495
1.05543
1.05547
1.05584
1.05590
1.05538
1.05484
1.05496
1.05471
1.05519
1.05602
1.05578
1.05669
1.05682
1.05652
1.05823
1.05929
1.06188
1.06032
1.06010
1.06067
1.06118
1.06086
1.06095
1.06093
1.06098
1.06139
1.06093
1.05978
1.05955
1.05918
1.05897
1.05916
1.05959
1.06191
1.06248
1.06162
1.06176
1.06184
1.06309
1.06399
1.06444
1.06161
1.06088
1.06059
1.05948
1.05829
1.05776
1.05789
1.05795
1.05762
1.05842
1.05855
1.05946
1.05934
1.05943
1.06137
1.06440
1.06479
1.06568
1.06684
1.06730
1.06862
1.06904
1.06786
1.06773
1.06776
1.06771
1.06643
1.06580
1.06649
1.06703
1.06689
1.06717
1.06719
1.06609
1.06559
1.06549
1.06498
1.06478
1.06427
1.06437
1.06379
1.06420
1.06308
1.06295
1.06301
1.06089
1.06063
1.06136
1.06118
1.05941
1.05931
1.05985
1.06056
1.05995
1.06001
1.06000
1.06109
1.06134
1.06140
1.06066
1.06090
1.06123
1.06221
1.06220
1.06281
1.06200
1.06224
1.06171
1.06175
1.06287
1.06285
1.06169
1.06162
1.06241
1.06265
1.06346
1.06376
1.06283
1.06279
1.06356
1.06373
1.06491
1.06482
1.06459
1.06480
1.06514
1.06559
1.06564
1.06458
1.06371
1.06468
1.06420
1.06573
1.06726
1.06887
1.06931
1.06934
1.06850
1.06763
1.06774
1.06828
1.06819
1.06860
1.06854
1.06879
1.06917
1.06910
1.06923
1.06896
1.06859
1.06934
1.06854
1.06727
1.06655
1.06679
1.06704
1.06709
1.06602
1.06471
1.05950
1.05871
1.05728
1.05590
1.05565
1.05516
1.05553
1.05523
1.05494
1.05496
1.05461
1.05363
1.05355
1.05345
1.05391
1.05461
1.05471
1.05477
1.05452
1.05438
1.05482
1.05481
1.05593
1.05714
1.05653
1.05496
1.05475
1.05479
1.05476
1.05451
1.05465
1.05474
1.05510
1.05462
1.05461
1.05485
1.05510
1.05530
1.05521
1.05573
1.05608
1.05671
1.05676
1.05804
1.05709
1.05753
1.05855
1.05847
1.05827
1.05785
1.05892
1.05902
1.05820
1.05822
1.05847
1.05846
1.05984
1.05983
1.05950
1.05973
1.05975
1.05942
1.05900
1.06054
1.05979
1.05977
1.06029
1.06010
1.05975
1.06431
1.06734
1.06998
1.06864
1.06729
1.06717
1.06507
1.06470
1.07027
1.07020
1.06974
1.06865
1.07304
1.07360
1.07248
1.07255
1.07287
1.07362
1.07280
1.07066
1.06799
1.06757
1.06969
1.07202
1.07270
1.07324
1.07414
1.07477
1.07417
1.07338
1.07322
1.07338
1.07298
1.07283
1.07233
1.07202
1.07119
1.07061
1.07060
1.07072
1.07145
1.07011
1.07062
1.07124
1.07197
1.07272
1.07473
1.07425
1.07288
1.07303
1.07247
1.07420
1.07487
1.07421
1.07413
1.07341
1.07346
1.07330
1.07357
1.07385
1.07588
1.07563
1.07530
1.07453
1.07404
1.07437
1.07426
1.07319
1.06834
1.06286
1.05927
1.05577
1.05638
1.05493
1.05494
1.05617
1.05891
1.05915
1.05823
1.05780
1.05804
1.05880
1.05972
1.05981
1.05960
1.05978
1.06023
1.06146
1.06072
1.06273
1.06347
1.06192
1.06199
1.06158
1.06193
1.06203
1.06071
1.06258
1.06242
1.06196
1.06192
1.06185
1.06161
1.06150
1.06146
1.06162
1.06193
1.06310
1.06380
1.06439
1.06482
1.06494
1.06618
1.06685
1.06690
1.06589
1.06457
1.06391
1.06325
1.06331
1.06432
1.06470
1.06747
1.06739
1.06843
1.06819
1.06670
1.06877
1.06816
1.06875
1.06891
1.06835
1.06785
1.06734
1.06799
1.06801
1.06698
1.06676
1.06769
1.06984
1.07077
1.07166
1.07299
1.07286
1.07256
1.07245
1.07274
1.07248
1.07248
1.07231
1.07208
1.07232
1.07235
1.07249
1.07197
1.07216
1.07211
1.07150
1.07149
1.07168
1.07209
1.07378
1.07486
1.07635
1.07832
1.07817
1.07875
1.07789
1.07819
1.07774
1.07711
1.07659
1.07734
1.07710
1.07692
1.07696
1.07731
1.07751
1.07758
1.07743
1.07714
1.07708
1.07741
1.07733
1.07707
1.07821
1.07921
1.07937
1.07971
1.07991
1.07884
1.07974
1.07948
1.07995
1.07987
1.09100
1.08917
1.08646
1.08589
1.08634
1.08709
1.08828
1.08872
1.08980
1.09046
1.09033
1.09104
1.09287
1.09259
1.09095
1.09026
1.08849
1.08793
1.08925
1.08920
1.08942
1.09070
1.08977
1.08945
1.08756
1.08523
1.08399
1.08341
1.08379
1.08349
1.08340
1.08342
1.08272
1.08278
1.08333
1.08361
1.08343
1.08342
1.08300
1.07898
1.07415
1.07471
1.07512
1.07647
1.07664
1.07628
1.07660
1.07665
1.07617
1.07653
1.07620
1.07754
1.07792
1.07778
1.07767
1.07661
1.07693
1.07739
1.07714
1.07697
1.07655
1.07812
1.07716
1.07685
1.07688
1.07799
1.07794
1.07938
1.07907
1.07890
1.07939
1.07947
1.07955
1.07978
1.07992
1.07975
1.08006
1.08069
1.08169
1.08185
1.08168
1.08170
1.08144
1.08152
1.08181
1.08330
1.08231
1.08220
1.08283
1.08357
1.08458
1.08385
1.08400
1.08450
1.08432
1.08432
1.08428
1.08476
1.08467
1.08439
1.08442
1.08408
1.08466
1.08485
1.08453
1.08381
1.08428
1.08398
1.08332
1.08365
1.08384
1.08615
1.08615
1.08702
1.08589
1.08574
1.08520
1.08427
1.08344
1.08472
1.08462
1.08459
1.08445
1.08441
1.08476
1.08447
1.08423
1.08369
1.08335
1.08352
1.08400
1.08457
1.08495
1.08568
1.08784
1.08753
1.08833
1.08801
1.09100
1.09255
1.09199
1.09123
1.09056
1.09045
1.09051
1.09068
1.09065
1.09056
1.09050
1.09049
1.09162
1.09247
1.09116
1.09073
1.09085
1.09032
1.09042
1.09097
1.08909
1.08951
1.08875
1.08783
1.08935
1.08931
1.09008
1.08749
1.08714
1.08701
1.08612
1.08555
1.08438
1.08423
1.08221
1.08137
1.08159
1.08069
1.07970
1.07949
1.07946
1.08151
1.08409
1.08487
1.08535
1.08712
1.08768
1.08755
1.08958
1.09157
1.08930
1.08928
1.08876
1.08998
1.09064
1.09072
1.09050
1.09051
1.09086
1.09087
1.09006
1.08947
1.08916
1.08978
1.08947
1.09074
1.09372
1.09248
1.09349
1.09343
1.09198
1.09084
1.09101
1.09722
1.09693
1.09529
1.09496
1.09528
1.09567
1.09572
1.09550
1.09591
1.09605
1.09685
1.09624
1.09634
1.09618
1.09589
1.09579
1.09584
1.09664
1.09537
1.09593
1.09524
1.09459
1.09619
1.09590
1.09660
1.09224
1.09188
1.08996
1.09086
1.09088
1.09067
1.09071
1.09095
1.09091
1.09035
1.08932
1.08924
1.08916
1.08950
1.08949
1.09054
1.09162
1.09093
1.09092
1.09078
1.09158
1.09167
1.08987
1.09230
1.09272
1.09367
1.09351
1.09340
1.09303
1.09225
1.09215
1.09184
1.09197
1.09230
1.09189
1.09206
1.09202
1.09197
1.09180
1.09184
1.09185
1.09168
1.09147
1.09207
1.09205
1.09167
1.09070
1.09141
1.09145
1.09114
1.09094
1.09087
1.09063
1.09036
1.09105
1.09127
1.09137
1.09058
1.09021
1.09007
1.08997
1.08987
1.09044
1.09158
1.09163
1.09155
1.09100
1.09073
1.08905
1.08563
1.08431
1.08469
1.08512
1.08561
1.08584
1.08620
1.08620
1.08629
1.08650
1.08691
1.08780
1.08780
1.08844
1.08868
1.08849
1.08935
1.08964
1.09035
1.09092
1.09188
1.09258
1.09233
1.09171
1.09231
1.09271
1.09150
1.09059
1.09098
1.09108
1.09159
1.09146
1.09131
1.09168
1.09163
1.09265
1.09278
1.09264
1.09244
1.09277
1.09347
1.09363
1.09332
1.09291
1.09283
1.09348
1.09297
1.09874
1.09872
1.09989
1.09867
1.09953
1.09979
1.09992
1.09956
1.09910
1.09916
1.09942
1.09987
1.10041
1.10024
1.09973
1.09921
1.09925
1.09897
1.09904
1.09997
1.10239
1.10308
1.10258
1.10176
1.10524
1.10668
1.10648
1.10606
1.10560
1.10587
1.10519
1.10486
1.10478
1.10470
1.10481
1.10507
1.10580
1.10628
1.10742
1.10726
1.10717
1.10738
1.10749
1.10705
1.10649
1.10632
1.10657
1.10575
1.10732
1.10354
1.10231
1.10086
1.09842
1.09892
1.09981
1.09983
1.09946
1.09936
1.09894
1.09904
1.09746
1.09811
1.09801
1.09838
1.09936
1.09925
1.09988
1.09925
1.09838
1.09839
1.09833
1.09833
1.09560
1.09348
1.09231
1.09170
1.09243
1.09263
1.09302
1.09300
1.09266
1.09275
1.09256
1.09282
1.09334
1.09351
1.09379
1.09368
1.09428
1.09515
1.09699
1.09819
1.09818
1.09791
1.09775
1.09756
1.09639
1.09699
1.09655
1.09693
1.09702
1.09734
1.09738
1.09733
1.09721
1.09745
1.09755
1.09818
1.09830
1.09730
1.09744
1.09736
1.09695
1.09695
1.09714
1.09621
1.09621
1.09407
1.09329
1.09487
1.09629
1.09784
1.09614
1.09658
1.09657
1.09595
1.09550
1.09561
1.09585
1.09564
1.09521
1.09581
1.09605
1.09598
1.09607
1.09588
1.09631
1.09721
1.09681
1.09774
1.09722
1.09774
1.09740
1.09839
1.09807
1.09887
1.09796
1.09710
1.09696
1.09716
1.09646
1.09713
1.09702
1.09710
1.09691
1.09711
1.09724
1.09695
1.09656
1.09630
1.09603
1.09628
1.09568
1.09712
1.09613
1.09702
1.09847
1.09892
1.09927
1.09783
1.09788
1.09787
1.09801
1.09869
1.09893
1.09910
1.09921
1.09952
1.09941
1.09939
1.09899
1.09838
1.09816
1.09802
1.09856
1.09872
1.10084
1.10195
1.10162
1.10166
1.10241
1.10303
1.10358
1.10313
1.10331
1.10474
1.10490
1.10459
1.10458
1.10476
1.10512
1.10562
1.10653
1.10662
1.10560
1.10560
1.10578
1.10533
1.10556
1.10506
1.10402
1.10430
1.10349
1.10227
1.10280
1.10178
1.10027
1.09865
1.09724
1.09717
1.09727
1.09750
1.09745
1.09741
1.09791
1.09795
1.09790
1.09776
1.09779
1.09776
1.09808
1.09898
1.10106
1.10249
1.10422
1.10532
1.10617
1.10574
1.10565
1.10944
1.10849
1.10558
1.10518
1.10410
1.10388
1.10399
1.10412
1.10421
1.10437
1.10455
1.10466
1.10482
1.10527
1.10530
1.10539
1.10625
1.10607
1.10574
1.10584
1.10548
1.10466
1.10487
1.10551
1.10237
1.10221
1.10259
1.10192
1.10237
1.10263
1.10289
1.10287
1.10279
1.10283
1.10329
1.10383
1.10337
1.10259
1.10202
1.10208
1.10213
1.10355
1.10220
1.10086
1.09928
1.09976
1.09872
1.09927
1.10145
1.10403
1.10440
1.10397
1.10300
1.10249
1.10199
1.10251
1.10199
1.10125
1.10136
1.10076
1.10072
1.10130
1.10134
1.10079
1.10056
1.10048
1.10023
1.10035
1.10087
1.10130
1.10327
1.10345
1.10175
1.09811
1.09706
1.09712
1.09747
1.09724
1.09761
1.09745
1.09757
1.09733
1.09783
1.09935
1.09904
1.09876
1.09882
1.09917
1.09938
1.10056
1.09856
1.09808
1.09591
1.09754
1.09697
1.09583
1.09919
1.09966
1.10022
1.10025
1.10007
1.10070
1.10059
1.10029
1.10055
1.10128
1.10194
1.10231
1.10248
1.10289
1.10287
1.10254
1.10307
1.10402
1.10459
1.10459
1.10396
1.10426
1.10426
1.10424
1.10584
1.10575
1.10518
1.10508
1.10892
1.10627
1.10630
1.10656
1.10771
1.10719
1.10865
1.10830
1.10868
1.10848
1.10864
1.10869
1.10907
1.10758
1.10571
1.10551
1.10623
1.10757
1.10814
1.10538
1.10372
1.10125
1.10295
1.10305
1.10215
1.10191
1.10145
1.10143
1.10204
1.10235
1.10287
1.10363
1.10361
1.10436
1.10438
1.10455
1.10459
1.10468
1.10308
1.10309
1.10300
1.10248
1.10176
1.09951
1.10068
1.10260
1.10356
1.10336
1.10259
1.10256
1.10245
1.10223
1.10207
1.10244
1.10311
1.10361
1.10390
1.10433
1.10436
1.10496
1.10491
1.10527
1.10382
1.10492
1.10504
1.10401
1.10433
1.10430
1.10224
1.10280
1.10283
1.10145
1.10068
1.10054
1.10056
1.10037
1.10014
1.09965
1.09940
1.09917
1.09931
1.09944
1.09934
1.09998
1.09993
1.09852
1.09833
1.09831
1.09817
1.09662
1.09626
1.09632
1.09592
1.09599
1.09636
1.09715
1.09688
1.09630
1.09640
1.09662
1.09679
1.09710
1.09732
1.09739
1.09764
1.09764
1.09715
1.09741
1.09814
1.09637
1.09582
1.09595
1.09540
1.10048
1.10053
1.10060
1.09788
1.09745
1.09715
1.09817
1.09839
1.09835
1.09823
1.09855
1.09862
1.09922
1.09972
1.09841
1.09808
1.09753
1.09814
1.09781
1.09377
1.09356
1.09335
1.09302
1.09373
1.09456
1.09322
1.09201
1.09190
1.09281
1.09249
1.09177
1.09206
1.09166
1.09185
1.09180
1.09166
1.09206
1.09233
1.09244
1.09215
1.09261
1.09296
1.09334
1.09345
1.09131
1.09162
1.09139
1.09047
1.08941
1.08934
1.08963
1.08639
1.08561
1.08559
1.08535
1.08539
1.08617
1.08533
1.08522
1.08546
1.08633
1.08623
1.08611
1.08626
1.08683
1.08710
1.08762
1.08791
1.08687
1.08783
1.08795
1.08884
1.08808
1.08806
1.08744
1.08779
1.08779
1.08772
1.08760
1.08753
1.08752
1.08763
1.08752
1.08811
1.08809
1.08827
1.08836
1.08825
1.08818
1.08761
1.08936
1.08969
1.09036
1.08961
1.08963
1.08873
1.08882
1.08750
1.08670
1.08712
1.08701
1.08692
1.08688
1.08637
1.08635
1.08631
1.08646
1.08709
1.08702
1.08727
1.08703
1.08668
1.08644
1.08634
1.08628
1.08471
1.08315
1.08318
1.08406
1.08307
1.08381
1.08319
1.08353
1.08445
1.08482
1.08444
1.08419
1.08409
1.08437
1.08416
1.08376
1.08423
1.08469
1.08470
1.08463
1.08395
1.08349
1.08336
1.08300
1.08214
1.08190
1.08185
1.08169
1.08168
1.07941
1.07856
1.07775
1.07802
1.07662
1.07679
1.07733
1.07739
1.07709
1.07758
1.07757
1.07793
1.07749
1.07732
1.07715
1.07683
1.07702
1.07910
1.07891
1.07935
1.08033
1.08018
1.08081
1.08224
1.08070
1.07951
1.08255
1.08239
1.08279
1.08194
1.08083
1.08073
1.08189
1.08233
1.08240
1.08289
1.08247
1.08245
1.08226
1.08187
1.08232
1.08119
1.08119
1.08224
1.08284
1.08223
1.08302
1.08205
1.08231
1.08071
1.08160
1.08195
1.08206
1.08188
1.08128
1.08146
1.08139
1.08122
1.08196
1.08110
1.08096
1.08094
1.08096
1.08099
1.08121
1.08089
1.08072
1.08027
1.07802
1.07834
1.07817
1.07840
1.07946
1.07798
1.07713
1.07781
1.07798
1.07754
1.07705
1.07729
1.07725
1.07728
1.07741
1.07736
1.07756
1.07790
1.07814
1.07854
1.07884
1.07848
1.07937
1.07809
1.07727
1.07799
1.08003
1.07931
1.07764
1.07638
1.07602
1.07649
1.07650
1.07563
1.07529
1.07527
1.07557
1.07557
1.07546
1.07525
1.07451
1.07415
1.07387
1.07389
1.07431
1.07321
1.07360
1.07372
1.07316
1.07319
1.07392
1.07244
1.07316
1.07301
1.07230
1.07269
1.07283
1.07228
1.07250
1.07275
1.07276
1.07265
1.07249
1.07318
1.07364
1.07376
1.07400
1.07418
1.07370
1.07434
1.07402
1.07359
1.07458
1.07577
1.07549
1.07481
1.07399
1.07130
1.07210
1.07265
1.07319
1.07304
1.07242
1.07285
1.07230
1.07209
1.07312
1.07344
1.07327
1.07353
1.07376
1.07426
1.07377
1.07283
1.07231
1.07171
1.07181
1.07141
1.07148
1.07100
1.07142
1.07132
1.07140
1.07111
1.07100
1.07094
1.07129
1.07116
1.07089
1.07188
1.07254
1.07241
1.07207
1.07077
1.07073
1.06974
1.06932
1.07074
1.07238
1.07350
1.07438
1.07456
1.07377
1.07399
1.07276
1.07262
1.07207
1.07200
1.07295
1.07339
1.07343
1.07338
1.07347
1.07346
1.07345
1.07139
1.07042
1.06999
1.06981
1.06971
1.06838
1.06760
1.06754
1.06779
1.06862
1.06865
1.07042
1.06908
1.06663
1.06532
1.06689
1.06790
1.06880
1.06912
1.06894
1.06936
1.06963
1.06941
1.06924
1.06930
1.06925
1.06906
1.06836
1.06844
1.06857
1.06858
1.07087
1.07137
1.07143
1.07105
1.07292
1.07395
1.07527
1.07630
1.07634
1.07674
1.07620
1.07625
1.07633
1.07644
1.07646
1.07634
1.07658
1.07660
1.07681
1.07676
1.07714
1.07711
